cam2world = -7.34321e-05,0.000640175,-0.780523,0.00147214,6.82574e-05,-0.990151,1.19912e-05,-0.00432448,1.20903
world2cam = -1016.55,629.72,-140.546,-433.734,-19.2261,-295.753,-1.5413,-0.0750134,-0.22935
