cam2world = -2.4572211815369720e-04,-8.1724728756052689e-03,9.0829937760173109e+00,-2.1908965925568541e-02,-3.4064675945090495e-04,1.4205547768264474e+01,-1.8780741878614482e-03,7.7631948281609423e-02,2.4442682442727452e+00
world2cam = 7.1651170176591393e+01,-4.7075904444750797e+01,7.3362965001248632e+00,-1.7446252677863301e+00,-1.0684941084192863e+00,1.2692945882163643e+01,1.1046450095277392e-01,-2.2349272248281650e-03,1.1619015585761762e-02
