cam2world = -3.66726e-05,-0.00191098,3.3416,-0.00850837,-9.20453e-05,3.18905,-0.00114267,0.0317831,0.209912
world2cam = 113.053,-118.885,6.45306,2.07201,-4.24951,31.5756,0.301683,-0.0037349,0.0181281
