cam2world = 0.000444283,-0.0182197,6.58811,-0.0173241,0.00836556,6.43457,-0.00114267,0.0317831,0.209912
world2cam = 56.5263,-59.4426,48.0495,1.036,-2.12475,32.6164,0.150842,-0.00186745,0.0869617
