cam2world = 6.91075e-05,0.000776687,-0.993019,0.00162824,5.94808e-06,-1.04238,0.000265838,-0.00526268,1.5247
world2cam = -914.487,674.885,-134.201,-460.809,61.6739,-257.956,-1.43109,0.0952056,-0.211099
