cam2world = -9.75688e-05,-0.00378045,4.41936,-0.0107065,2.82204e-05,4.01328,-8.93864e-06,0.0374102,0.379012
world2cam = 84.7861,-94.181,8.63901,-2.27148,-0.00142513,26.5011,0.226206,-0.00208051,0.0228605
