cam2world = -0.000305569,-0.00297286,4.38645,-0.0106383,-2.93385e-05,3.97809,-0.000477434,0.0383673,0.458331
world2cam = 87.0923,-96.8013,6.67427,-1.69834,-1.11499,25.9314,0.232891,-0.00749906,0.0180397
