cam2world = 7.21663e-05,-0.00214114,3.32078,-0.00849099,-7.75301e-05,3.18195,-0.000988669,0.0314655,0.184583
world2cam = 112.345,-117.673,7.35483,1.77106,-3.6984,31.8922,0.299834,0.000172629,0.0204033
